5.000000000000000000e+00
1.373159831261035357e+00
1.366758034052343307e+00
1.414067563386537385e+00
-9.284010750943066936e-02
1.202274622022045936e-01
2.150291282437357676e-01
2.471905572276014595e+00
-1.139076985273767217e+00
-3.530352030819943199e-01
-1.580709588224246120e-01
-3.088882156822133851e+00
-8.542550425770085720e-01
-3.170869194290759641e-01
1.150622894829540055e+00
-3.772995342046439049e-01
9.611323611896984698e-01
7.482400606605108528e-01
-2.666858573755247264e+00
6.670364167821347667e-01
-9.320713684928261245e-03
1.409260031428574700e-01
3.422257102287201702e-01
2.416743269465229105e-01
-9.234460885128737972e-01
-4.039792145709595772e+00
-8.227742882298617610e-01
-2.576881013260408970e+00
-2.237298606593798311e+00
2.259056933853352267e-01
-9.795935307373820899e-01
-1.154808804803743261e+00
-2.416450588471442451e+00
2.070535202063512603e-01
-1.321649918390854328e+00
3.478235225920928153e-02
3.506407522132959809e+00
8.597180632187844118e-01
1.690382361864148031e+00
8.423178301411565760e-01
8.907147098358301207e-01
-4.464632872647047446e-01
6.435693648582659909e-01
3.093136961415764219e+00
-4.884479395638787746e-01
1.352393644408846018e+00
2.877552660901351866e-01
-1.501012710689297869e+00
-9.530243585633072501e-01
-2.322242096345905615e-03
1.951056516295142096e+00
-2.094237284241280417e-01
2.760004684649030704e+00
1.497828152499920185e+00
-8.965656981609431142e-01
1.412360102332512302e+00
8.417263150383325065e-01
1.860136443686793761e+00
1.030993398125158667e+00
2.821184020823814365e+00
5.503700866214864540e-01
-2.228849734060810217e+00
2.684072432334676517e-01
-2.403662713800141848e+00
-1.485627607074789136e+00
-6.301385546387028302e-01
-2.916249947636713746e-01
-1.632049168857810040e+00
-3.088869091345430640e+00
-5.050456801861314959e-01
-3.472107310062980901e+00
-1.197125807380159390e+00
1.093706971863942501e+00
7.141762695556874707e-02
5.578362796893807651e-01
-3.526458674469208354e-01
6.121232267150344963e-01
-2.352847419028102127e+00
-6.093735427820098915e-02
1.540080837029049521e+00
-1.012439599657015243e+00
9.631384456475561295e-01
-5.736800507108066327e-01
-1.298113713302406547e+00
-2.782100246809068533e+00
-8.122808428087153754e-01
4.643258222180387529e-01
-1.372579396989356049e+00
2.506276983402255354e+00
7.085635163753681853e-01
-2.279467196818290575e-01
5.306473364623598421e-01
1.120003745386010330e+00
2.070792097009594102e+00
1.226737904199599161e+00
4.767690621877655133e+00
1.810357596047450723e+00
4.395368955665812649e-01
1.691470479234633117e+00
-5.620767497626968368e-01
1.909830056250498842e-01
1.039721713201738895e-01
2.090121444057539968e+00
-6.042236848656310499e-01
-1.194847030814432554e+00
4.078307456948840892e-01
-3.051617329350246433e+00
-7.300463955148077666e-01
3.018782085411759741e-01
1.057717874984692275e+00
3.764166519628708296e-01
4.053320625653457077e-01
1.269861203927788562e+00
-2.637935440269437493e+00
2.958819503242037241e-01
5.797388361621333974e-01
-4.602145047484292872e-01
5.630328954520085194e-01
-4.437180769642120604e-01
-9.642790154270750591e-01
-4.177349165701330413e+00
-1.453650364954577778e+00
-1.815135684657879445e+00
-2.798485245155303502e+00
6.058492216553565957e-01
-1.000000000000002220e+00
-1.148893242295625505e+00
-2.052525259442984140e+00
-1.109251777283690593e-01
-3.364085474272348053e-01
-3.834976847712383563e-01
3.840304492884981880e+00
1.008830891743176084e+00
1.120756458529433619e+00
1.062415081760329505e+00
2.165917386013680446e-01
-5.977776263385981004e-02
1.553369767025869486e-02
3.053700303860140686e+00
-3.528230832339568357e-01
4.792490974094700817e-01
7.627208015562407795e-01
-1.957144965138632120e+00
-5.407731238501429782e-01
5.972062466161631722e-02
2.189909119781000335e+00
4.317688690030494492e-01
2.197551706780335845e+00
2.345951537588051750e+00
-1.184556632771471385e+00
1.587785252292451155e+00
1.155050652681732792e+00
1.641931757687463023e+00
1.403187148085732971e+00
1.998383554693283326e+00
9.334233249716492598e-01
-2.837568237239508129e+00
-4.100620709948366027e-02
-1.994255285550770918e+00
-2.033414858102071232e+00
-1.351980222694267875e-01
-7.140999788455459907e-01
-1.204967748109712744e+00
-3.201460492759522047e+00
-5.539174600154753714e-01
-2.560490027507107413e+00
-1.621264766260274159e+00
1.873655631102657981e+00
-3.306668627840425589e-02
6.149974780049188849e-01
-3.767219532850671904e-01
1.729497902039281998e-01
-1.842525854552403475e+00
-9.281892021047190022e-01
1.914062472319707497e+00
-1.329843405371152532e+00
4.094464228019075724e-01
-4.730996414027726082e-01
-1.930718726520460393e+00
-2.331024794864118288e+00
-1.317028641521915233e+00
1.043050060224090414e+00
-1.183376572739279542e+00
2.173365190724796392e+00
1.471580614761845096e+00
-6.732579065397166218e-01
1.068311343823627357e+00
1.018397227457881637e+00
2.392071726600877746e+00
1.415906437342521862e+00
4.145214542293115478e+00
2.367704650230169072e+00
-4.717817516856369631e-01
1.735644673025792617e+00
-6.985208100108499796e-01
-7.877542909251267211e-02
3.430056404908695677e-01
1.515326626678512145e+00
1.506839609565924221e-02
-1.821891217735161383e+00
6.909830056250525487e-01
-2.579369473238791954e+00
-9.169739257557589784e-01
1.146838636126318978e+00
8.764723136151317817e-01
1.004644625862145091e+00
7.526592581055224773e-02
1.369531268699513360e+00
-2.253565728303299487e+00
-3.959767165059869254e-01
1.225625924661093435e+00
-1.006632597266024387e+00
5.277706895397903386e-01
-8.008244967224797950e-01
-1.356424006511089964e+00
-3.946034181219061576e+00
-2.217565904987772285e+00
-1.033522626313093884e+00
-3.087073109210071387e+00
6.758431847248196345e-01
-6.273714326516948159e-01
-1.433094316011922942e+00
-1.468238938939282923e+00
-4.779243216907836933e-01
4.793823362997947091e-01
-5.185442222988438932e-01
3.718096795677859667e+00
1.458677354491134670e+00
2.824809691679724399e-01
1.303806342429190801e+00
-3.693802437243562942e-01
6.571641242744041822e-02
-2.463448130940364411e-01
2.634195256531275398e+00
1.035879274186160826e-01
-4.668086338621566522e-01
1.191646702167705074e+00
-2.105685954700514895e+00
-4.163635330423111069e-01
5.119157658667391475e-01
2.128204462714266221e+00
1.253631480503906825e+00
1.627733127353686360e+00
2.947564399560952175e+00
-1.146184985030433312e+00
1.343296921906752983e+00
1.734721312136980220e+00
1.185207823602646204e+00
1.765755669348477275e+00
1.281388392946328114e+00
9.999999999999961142e-01
-3.034001753034016424e+00
-6.941020793904061348e-01
-1.310788862661288467e+00
-2.586279895267183715e+00
2.747370668430961782e-01
-8.380444175985266586e-01
-1.088011427784479235e+00
-2.902581106851136905e+00
-8.788688513324328655e-01
-1.510170473964340232e+00
-1.969853020709482649e+00
2.353529855299567597e+00
1.685196324432521875e-01
2.662905526751988550e-01
-1.512253548877744436e-01
-4.783505565901516321e-01
-1.359347277033941648e+00
-1.613208158682400750e+00
1.918512990201540536e+00
-1.248653745025659845e+00
-4.522477592989575523e-01
-1.568999301093667587e-01
-2.530330944449237229e+00
-1.965483435590129169e+00
-1.481455777701073728e+00
1.273231023787955163e+00
-5.937292682672813404e-01
1.593819977998083726e+00
2.284652899141971893e+00
-9.906625560981606737e-01
1.308386217904191851e+00
1.227520137433561587e+00
2.308370605810532883e+00
1.842803275816401687e+00
3.328000192469113383e+00
2.814361261353975241e+00
-1.136341825534757266e+00
1.409395632717447278e+00
-4.513046575767774016e-01
-6.075919359112413876e-01
7.707393456774768170e-01
9.787177488059560782e-01
4.900217030770687154e-01
-2.059495328439473472e+00
6.133893628877610249e-01
-1.728030896745200717e+00
-1.272419675184982335e+00
1.988627515713857097e+00
8.267561131509806316e-01
1.309016994374940790e+00
6.927785764739424756e-02
1.056585193862187300e+00
-1.640907665737156629e+00
-1.194564223621134236e+00
1.696809417842449985e+00
-1.285708592618109325e+00
1.239082987507015288e-01
-8.030662278117081110e-01
-1.992942021058696556e+00
-3.527180553543175279e+00
-2.873843692185404031e+00
-4.549054043436506767e-01
-2.955563549715159333e+00
3.896259110192458186e-01
5.522391778980156873e-02
-1.846343243933366685e+00
-8.985172112274695255e-01
-6.761763990372076094e-01
9.411793424047933954e-01
-3.010053472279978770e-01
3.182583377994339990e+00
2.056299765579153949e+00
-5.985539485550994687e-01
1.343166937285808160e+00
-6.701565946288129405e-01
-1.614491122319539063e-01
-1.434643878533290451e-01
1.968106893611095698e+00
6.786087929261439555e-01
-1.241312035464759322e+00
1.369231924624013219e+00
-1.826486285498132300e+00
-5.988076516051814568e-01
1.246502137088900231e+00
1.942456038757246262e+00
2.011854714858253068e+00
1.264294170502358705e+00
3.142134070366935816e+00
-7.438372759973418402e-01
7.532320110194605789e-01
2.408177487273418738e+00
7.194073060533786590e-01
1.900559178875978805e+00
8.533388346106048905e-01
6.846106637783239135e-01
-2.849942137823373578e+00
-1.528768187144469159e+00
-5.702781677294370688e-01
-2.907664012769459294e+00
4.122147477074410427e-01
-5.680567273162553388e-01
-1.274297947630009142e+00
-2.323132745838996982e+00
-1.283327452133207425e+00
-5.718751310310862257e-01
-2.043950027290625915e+00
2.400326095626568623e+00
6.822969856412496314e-01
-3.879581723847414509e-01
1.387848913403858520e-01
-1.105114171608969631e+00
-1.116533981602894521e+00
-1.952700019927508190e+00
1.517715017476662709e+00
-8.346257273513247865e-01
-1.437177710931788255e+00
1.540915209679545317e-01
-2.868383863519753163e+00
-1.856075090256009474e+00
-1.234536303978605254e+00
1.187967130557381790e+00
2.365062167869742271e-01
9.808716694850027062e-01
2.901506602383343569e+00
-1.000000000000046407e+00
1.146764138432402991e+00
1.726831655197290871e+00
1.940716723716557901e+00
2.305208948084756404e+00
2.559315176951479032e+00
2.948508418056067892e+00
-1.415834894812291633e+00
7.118150840454680051e-01
8.545187557697839220e-02
-1.197772824912050726e+00
1.162055304518662346e+00
7.007691180121722319e-01
6.673051183294278488e-01
-1.863269317408267067e+00
2.416173367872191391e-01
-6.829552458132641668e-01
-1.576726188038483301e+00
2.589599367291322451e+00
1.067387926721254710e+00
1.210203243055049338e+00
3.432884476840644683e-01
4.786426458069459322e-01
-1.018467854099653014e+00
-1.856585531407809242e+00
1.809016994374936571e+00
-1.190536610325116262e+00
-6.198168892765005822e-01
-5.651179346252521718e-01
-2.661916179177629349e+00
-3.149656633127844607e+00
-3.210967306828485412e+00
-2.112391252331655700e-01
-2.394851724883351185e+00
-1.558847072909670950e-01
8.459807084318853310e-01
-2.166500771218196952e+00
-5.691106611450315045e-01
-5.645869252679103223e-01
9.936114326247347250e-01
1.942468540587957149e-01
2.407337617637466565e+00
2.572961692799906164e+00
-1.285872921065687180e+00
1.021090956981409059e+00
-6.055943890928108253e-01
-6.885222538989104191e-01
1.865183933369348179e-01
1.281193829070099488e+00
1.140490133372741521e+00
-1.647354132553074280e+00
1.194777080398323754e+00
-1.143071216913583932e+00
-9.681259328054040436e-01
2.048684390510275399e+00
1.854073321313130185e+00
2.489275082815121110e+00
1.229316119568975685e+00
2.906897148355227944e+00
-8.313763440766883117e-02
1.210456588887665053e-02
2.943564861917599362e+00
4.664963915428961272e-01
1.668759079023768965e+00
7.709124792179740115e-01
6.766390212832795736e-02
-2.446421391652377597e+00
-2.305841377622419142e+00
-5.834719102778551658e-04
-2.825955717667278932e+00
2.056738864174173509e-01
4.500711503081195053e-02
-1.623409191558528919e+00
-1.688351094691113330e+00
-1.543189631663595573e+00
4.894348370479639776e-02
-1.750291117991406686e+00
2.024677948521253157e+00
1.375431671630569230e+00
-1.139313849220228603e+00
2.656403443410457754e-01
-1.495781463065080974e+00
-1.233583989639277734e+00
-1.918417344355572318e+00
8.212259164361835895e-01
-2.726807210861201813e-01
-2.300255084983827469e+00
2.467839603930960246e-01
-2.796884385476084756e+00
-2.048470267289965285e+00
-6.528163410090277452e-01
9.468872892195175917e-01
1.067794459290856146e+00
5.568976166950333484e-01
3.139038207432725436e+00
-6.384404580124800610e-01
6.256528897448266902e-01
2.362879645652499416e+00
1.505227423302463396e+00
2.575387648317566835e+00
2.039792145709593107e+00
2.676059448600650814e+00
-1.313327916904502235e+00
-2.166446711701610073e-01
7.106325799873018934e-01
-1.608713275064916015e+00
1.317192985846838527e+00
8.073056019787484550e-01
5.266079188369523489e-01
-1.335894990361131018e+00
-2.407344545452710372e-01
3.073143600132217657e-01
-1.620079402828244586e+00
2.791421364834283825e+00
1.630944901979258788e+00
7.761049475722594515e-01
7.277978322533837918e-01
-1.357709942235525435e-01
-6.123526004994769290e-01
-2.199258530872696404e+00
1.497806526547789341e+00
-7.587184756206934999e-01
-1.539648602445151226e+00
-2.951044440944441405e-01
-3.125773191348823588e+00
-3.000000000000000000e+00
-3.125773191348826252e+00
-2.951044440944233793e-01
-1.539648602445202519e+00
-7.587184756206462044e-01
1.497806526547757144e+00
-2.199258530872713280e+00
-6.123526004994522820e-01
-1.357709942235760803e-01
7.277978322534076616e-01
7.761049475722319180e-01
1.630944901979304085e+00
2.791421364834263841e+00
-1.620079402828252579e+00
3.073143600132729469e-01
-2.407344545453083406e-01
-1.335894990361102375e+00
5.266079188369506836e-01
8.073056019787675508e-01
1.317192985846822095e+00
-1.608713275064928450e+00
7.106325799873429716e-01
-2.166446711702233463e-01
-1.313327916904470927e+00
2.676059448600643709e+00
2.039792145709577120e+00
2.575387648317570388e+00
1.505227423302443412e+00
2.362879645652534943e+00
6.256528897447763971e-01
-6.384404580124396489e-01
3.139038207432735650e+00
5.568976166948914619e-01
1.067794459291082187e+00
9.468872892193263002e-01
-6.528163410090896956e-01
-2.048470267290209978e+00
-2.796884385475865820e+00
2.467839603931436532e-01
-2.300255084984052178e+00
-2.726807210856123653e-01
8.212259164361179753e-01
-1.918417344355706655e+00
-1.233583989639194245e+00
-1.495781463065051664e+00
2.656403443410015885e-01
-1.139313849220370711e+00
1.375431671630969355e+00
2.024677948521093285e+00
-1.750291117991353840e+00
4.894348370486467648e-02
-1.543189631663720363e+00
-1.688351094690922150e+00
-1.623409191558695230e+00
4.500711503093973720e-02
2.056738864172349412e-01
-2.825955717667225198e+00
-5.834719101446284029e-04
-2.305841377622740218e+00
-2.446421391652065402e+00
6.766390212839457075e-02
7.709124792181601959e-01
1.668759079023662828e+00
4.664963915427031704e-01
2.943564861917661091e+00
1.210456588905517439e-02
-8.313763440802438009e-02
2.906897148355114258e+00
1.229316119568857113e+00
2.489275082815025630e+00
1.854073321313065126e+00
2.048684390510150610e+00
-9.681259328051623481e-01
-1.143071216913621457e+00
1.194777080398382818e+00
-1.647354132553052963e+00
1.140490133372637604e+00
1.281193829070255585e+00
1.865183933368900204e-01
-6.885222538988937657e-01
-6.055943890930606255e-01
1.021090956981465236e+00
-1.285872921065728480e+00
2.572961692799513589e+00
2.407337617637714811e+00
1.942468540588674353e-01
9.936114326248289830e-01
-5.645869252679011074e-01
-5.691106611450523767e-01
-2.166500771218158317e+00
8.459807084316658399e-01
-1.558847072907660614e-01
-2.394851724883506172e+00
-2.112391252330096947e-01
-3.210967306828408141e+00
-3.149656633127825511e+00
-2.661916179177537423e+00
-5.651179346251644642e-01
-6.198168892765489879e-01
-1.190536610324982814e+00
1.809016994374934573e+00
-1.856585531407849654e+00
-1.018467854099698311e+00
4.786426458069596990e-01
3.432884476841436272e-01
1.210203243055047784e+00
1.067387926721280245e+00
2.589599367291291809e+00
-1.576726188038424903e+00
-6.829552458131709081e-01
2.416173367871248812e-01
-1.863269317408163372e+00
6.673051183294441691e-01
7.007691180122214147e-01
1.162055304518665899e+00
-1.197772824912080702e+00
8.545187557683420199e-02
7.118150840454149364e-01
-1.415834894812280975e+00
2.948508418055949321e+00
2.559315176951431958e+00
2.305208948084692899e+00
1.940716723716483072e+00
1.726831655197278659e+00
1.146764138432257996e+00
-1.000000000000070166e+00
2.901506602383324918e+00
9.808716694848041984e-01
2.365062167871614940e-01
1.187967130557431528e+00
-1.234536303978520433e+00
-1.856075090256038784e+00
-2.868383863519629706e+00
1.540915209680144837e-01
-1.437177710931955232e+00
-8.346257273511705765e-01
1.517715017476596095e+00
-1.952700019927510411e+00
-1.116533981602830572e+00
-1.105114171608983398e+00
1.387848913405710372e-01
-3.879581723847218000e-01
6.822969856413126921e-01
2.400326095626471368e+00
-2.043950027290526883e+00
-5.718751310309836411e-01
-1.283327452133350421e+00
-2.323132745838928148e+00
-1.274297947630083749e+00
-5.680567273161396535e-01
4.122147477075343014e-01
-2.907664012769466400e+00
-5.702781677292084739e-01
-1.528768187144419421e+00
-2.849942137823354926e+00
6.846106637781235182e-01
8.533388346105917899e-01
1.900559178875980804e+00
7.194073060531674946e-01
2.408177487273527095e+00
7.532320110190346973e-01
-7.438372759971034753e-01
3.142134070367073484e+00
1.264294170502080927e+00
2.011854714858446691e+00
1.942456038757194969e+00
1.246502137088848938e+00
-5.988076516054591236e-01
-1.826486285497949780e+00
1.369231924624070729e+00
-1.241312035464968710e+00
6.786087929264192908e-01
1.968106893610924057e+00
-1.434643878533027328e-01
-1.614491122319527960e-01
-6.701565946287953990e-01
1.343166937285867002e+00
-5.985539485551890637e-01
2.056299765579356453e+00
3.182583377994000262e+00
-3.010053472281536413e-01
9.411793424047845136e-01
-6.761763990373408362e-01
-8.985172112274019129e-01
-1.846343243933454614e+00
5.522391779008911650e-02
3.896259110191082620e-01
-2.955563549715102489e+00
-4.549054043436214778e-01
-2.873843692185074961e+00
-3.527180553543241448e+00
-1.992942021058565993e+00
-8.030662278118603226e-01
1.239082987507456046e-01
-1.285708592618052482e+00
1.696809417842361611e+00
-1.194564223620945054e+00
-1.640907665737346699e+00
1.056585193862287220e+00
6.927785764745608699e-02
1.309016994374957221e+00
8.267561131510107186e-01
1.988627515713781602e+00
-1.272419675184674581e+00
-1.728030896745418099e+00
6.133893628877700177e-01
-2.059495328439461037e+00
4.900217030768680981e-01
9.787177488060089248e-01
7.707393456776326923e-01
-6.075919359110617535e-01
-4.513046575769711910e-01
1.409395632717482139e+00
-1.136341825534783467e+00
2.814361261353675481e+00
3.328000192469100504e+00
1.842803275816207620e+00
2.308370605810425857e+00
1.227520137433607328e+00
1.308386217904078608e+00
-9.906625560982030843e-01
2.284652899142169069e+00
1.593819977997887438e+00
-5.937292682672256072e-01
1.273231023787957383e+00
-1.481455777700988685e+00
-1.965483435590110517e+00
-2.530330944449249664e+00
-1.568999301094626819e-01
-4.522477592990018502e-01
-1.248653745025451567e+00
1.918512990201508561e+00
-1.613208158682442050e+00
-1.359347277033774448e+00
-4.783505565901042811e-01
-1.512253548877305898e-01
2.662905526751065954e-01
1.685196324431970094e-01
2.353529855299512974e+00
-1.969853020709595004e+00
-1.510170473964426607e+00
-8.788688513324733886e-01
-2.902581106851025439e+00
-1.088011427784456364e+00
-8.380444175984974597e-01
2.747370668432331797e-01
-2.586279895267078022e+00
-1.310788862661107057e+00
-6.941020793905148256e-01
-3.034001753034072379e+00
1.000000000000125455e+00
1.281388392946258392e+00
1.765755669348360479e+00
1.185207823602489663e+00
1.734721312137083471e+00
1.343296921906717456e+00
-1.146184985030436199e+00
2.947564399561050763e+00
1.627733127353730769e+00
1.253631480503959006e+00
2.128204462714180512e+00
5.119157658666806388e-01
-4.163635330422702507e-01
-2.105685954700477591e+00
1.191646702167641347e+00
-4.668086338622329801e-01
1.035879274188665489e-01
2.634195256531230100e+00
-2.463448130940801839e-01
6.571641242749581835e-02
-3.693802437243803860e-01
1.303806342429198573e+00
2.824809691678444867e-01
1.458677354491212608e+00
3.718096795677792610e+00
-5.185442222990316319e-01
4.793823362997809978e-01
-4.779243216908316549e-01
-1.468238938939068650e+00
-1.433094316012149427e+00
-6.273714326515037465e-01
6.758431847248707047e-01
-3.087073109210089594e+00
-1.033522626312946668e+00
-2.217565904987932601e+00
-3.946034181218819548e+00
-1.356424006511062874e+00
-8.008244967224527056e-01
5.277706895397422659e-01
-1.006632597265896267e+00
1.225625924661198685e+00
-3.959767165064140837e-01
-2.253565728303106308e+00
1.369531268699639703e+00
7.526592581048008324e-02
1.004644625862213925e+00
8.764723136150160965e-01
1.146838636126491728e+00
-9.169739257561420054e-01
-2.579369473238643184e+00
6.909830056250525487e-01
-1.821891217735267965e+00
1.506839609599175400e-02
1.515326626678275446e+00
3.430056404911251966e-01
-7.877542909250312420e-02
-6.985208100108573070e-01
1.735644673025796170e+00
-4.717817516858143767e-01
2.367704650230516350e+00
4.145214542292719351e+00
1.415906437342305368e+00
2.392071726600831560e+00
1.018397227457983334e+00
1.068311343823467041e+00
-6.732579065396055995e-01
1.471580614761787809e+00
2.173365190724810159e+00
-1.183376572739222254e+00
1.043050060224137265e+00
-1.317028641521569066e+00
-2.331024794864222649e+00
-1.930718726520489703e+00
-4.730996414028767472e-01
4.094464228019242813e-01
-1.329843405371197829e+00
1.914062472319563835e+00
-9.281892021044447771e-01
-1.842525854552511388e+00
1.729497902037854251e-01
-3.767219532850231700e-01
6.149974780048860223e-01
-3.306668627842013208e-02
1.873655631102541852e+00
-1.621264766260121837e+00
-2.560490027507123401e+00
-5.539174600155077899e-01
-3.201460492759347964e+00
-1.204967748109837533e+00
-7.140999788454727160e-01
-1.351980222693351386e-01
-2.033414858102061462e+00
-1.994255285550579515e+00
-4.100620709952362830e-02
-2.837568237239505464e+00
9.334233249715843117e-01
1.998383554693343056e+00
1.403187148085746516e+00
1.641931757687282056e+00
1.155050652681786971e+00
1.587785252292443605e+00
-1.184556632771445628e+00
2.345951537587994018e+00
2.197551706780246139e+00
4.317688690031881715e-01
2.189909119780852897e+00
5.972062466155814153e-02
-5.407731238500842474e-01
-1.957144965138578829e+00
7.627208015562076948e-01
4.792490974093447376e-01
-3.528230832337498901e-01
3.053700303860140686e+00
1.553369767024381787e-02
-5.977776263385103928e-02
2.165917386012143342e-01
1.062415081760462954e+00
1.120756458529255539e+00
1.008830891743091485e+00
3.840304492884946796e+00
-3.834976847713480463e-01
-3.364085474271960585e-01
-1.109251777284955831e-01
-2.052525259442684824e+00
-1.148893242295482064e+00
-9.999999999999050759e-01
6.058492216554045573e-01
-2.798485245155355017e+00
-1.815135684657584125e+00
-1.453650364954726104e+00
-4.177349165701421896e+00
-9.642790154270037828e-01
-4.437180769642128375e-01
5.630328954519911999e-01
-4.602145047485337592e-01
5.797388361623905251e-01
2.958819503242021698e-01
-2.637935440269465026e+00
1.269861203927842297e+00
4.053320625652422349e-01
3.764166519630683383e-01
1.057717874984449580e+00
3.018782085410040006e-01
-7.300463955148247530e-01
-3.051617329350222008e+00
4.078307456949464838e-01
-1.194847030814584432e+00
-6.042236848653487202e-01
2.090121444057764677e+00
1.039721713201081643e-01
1.909830056250559904e-01
-5.620767497628365028e-01
1.691470479234790769e+00
4.395368955662952160e-01
1.810357596047369011e+00
4.767690621877660462e+00
1.226737904199434848e+00
2.070792097009600763e+00
1.120003745385863336e+00
5.306473364624697542e-01
-2.279467196817006047e-01
7.085635163755019672e-01
2.506276983402281111e+00
-1.372579396989388467e+00
4.643258222183087591e-01
-8.122808428090052546e-01
-2.782100246809199096e+00
-1.298113713302281980e+00
-5.736800507107548963e-01
9.631384456475107214e-01
-1.012439599657052547e+00
1.540080837029342398e+00
-6.093735427875866806e-02
-2.352847419028105236e+00
6.121232267150653605e-01
-3.526458674469629129e-01
5.578362796895425246e-01
7.141762695538811379e-02
1.093706971864196076e+00
-1.197125807380237994e+00
-3.472107310062927610e+00
-5.050456801860695455e-01
-3.088869091345581630e+00
-1.632049168857496291e+00
-2.916249947639053541e-01
-6.301385546387670011e-01
-1.485627607074875289e+00
-2.403662713799853190e+00
2.684072432334312364e-01
-2.228849734060782684e+00
5.503700866213901977e-01
2.821184020823747307e+00
1.030993398125281679e+00
1.860136443686805530e+00
8.417263150383412773e-01
1.412360102332476330e+00
-8.965656981609353426e-01
1.497828152499910415e+00
2.760004684648963202e+00
-2.094237284242146391e-01
1.951056516295121446e+00
-2.322242096314264259e-03
-9.530243585632472980e-01
-1.501012710689349605e+00
2.877552660901215309e-01
1.352393644409018325e+00
-4.884479395639585997e-01
3.093136961415639874e+00
6.435693648584025484e-01
-4.464632872646387973e-01
8.907147098355712167e-01
8.423178301409719460e-01
1.690382361864147143e+00
8.597180632186984806e-01
3.506407522132967358e+00
3.478235225913539619e-02
-1.321649918390763512e+00
2.070535202065239000e-01
-2.416450588471318994e+00
-1.154808804803759248e+00
-9.795935307373346834e-01
2.259056933854957094e-01
-2.237298606593874251e+00
-2.576881013260496900e+00
-8.227742882297106597e-01
-4.039792145709625970e+00
-9.234460885128491503e-01
2.416743269463914601e-01
3.422257102288658315e-01
1.409260031431030513e-01
-9.320713685018189310e-03
6.670364167821218881e-01
-2.666858573755257034e+00
7.482400606605488225e-01
9.611323611895123964e-01
-3.772995342048041101e-01
1.150622894829640419e+00
-3.170869194291447979e-01
-8.542550425769483979e-01
-3.088882156822181813e+00
-1.580709588221929085e-01
-3.530352030818053599e-01
-1.139076985273862697e+00
2.471905572276115404e+00
2.150291282438023810e-01
1.202274622022763140e-01
-9.284010750967486292e-02
1.414067563386317339e+00
1.366758034052381943e+00
1.373159831260940544e+00
